47
13
23
17
27
14
47
22
28
43
50
5
7
17
27
16
28
45
3
29
29
7
3
42
46
28
1
7
18
19
35
31
6
30
46
3
22
37
35
19
31
21
43
38
42
18
15
34
17
3
44
23
45
12
22
38
16
43
42
1
19
11
39
42
23
18
39
37
46
18
33
50
18
36
26
10
27
50
32
27
17
35
25
22
14
44
16
8
26
31
12
43
7
27
8
2
36
33
42
18
15
11
4
34
8
30
7
8
9
50
15
38
5
44
37
49
22
24
29
29
42
7
23
23
42
31
4
4
4
32
37
39
16
40
49
7
45
17
28
21
9
22
41
50
36
30
15
49
28
19
9
14
16
8
34
28
8
43
26
2
10
41
50
6
3
32
40
24
3
23
50
11
5
40
27
12
48
7
3
22
27
41
50
37
10
8
41
11
14
35
37
35
12
31
6
14
20
35
17
47
26
30
26
22
4
21
42
48
17
38
43
9
43
16
34
9
11
37
10
3
34
33
31
23
37
31
39
14
27
45
30
13
16
4
34
21
25
44
11
39
49
25
28
32
27
20
46
26
4
49
35
8
44
39
27
32
14
22
6
9
38
10
47
5
20
42
42
44
3
33
17
19
21
4
38
48
1
41
44
35
41
46
27
24
5
48
35
7
50
3
31
26
14
22
16
18
48
35
7
31
17
18
20
30
34
13
44
7
19
1
26
11
25
33
45
18
18
39
39
45
21
12
40
27
10
4
46
41
35
16
4
7
27
26
43
35
13
26
44
47
34
42
25
29
21
11
23
43
17
22
12
47
39
39
40
8
41
46
49
9
39
47
25
11
41
34
26
5
25
7
37
47
45
10
14
35
47
7
35
42
42
20
13
20
37
46
37
39
10
24
29
34
17
35
31
38
37
47
37
30
35
17
47
32
18
35
37
46
15
6
6
46
14
18
42
13
46
15
7
1
17
32
25
15
39
6
1
16
20
24
2
13
50
37
49
50
43
28
7
38
8
22
47
26
3
38
11
31
49
29
30
39
38
24
31
24
27
34
10
30
33
32
49
37
49
16
47
47
19
2
4
46
22
26
41
13
2
16
33
5
3
21
14
5
34
48
15
47
21
38
33
50
21
22
42
39
15
48
21
46
6
50
25
48
31
2
38
44
48
50
34
48
14
30
19
33
47
48
29
17
10
36
4
39
3
38
48
8
17
23
49
15
36
37
45
16
30
50
42
7
35
17
25
30
37
26
42
15
23
47
27
41
29
46
14
3
33
34
23
2
23
44
38
3
47
36
9
47
34
1
34
12
16
10
29
24
23
48
30
31
39
17
21
32
22
21
36
21
48
27
4
34
18
21
40
23
22
34
32
44
31
48
45
7
1
21
44
49
50
24
28
33
27
40
19
1
36
23
28
47
15
15
28
2
6
43
48
49
43
35
35
46
6
7
17
18
20
21
21
30
4
17
23
7
50
37
45
26
10
12
17
2
17
43
5
32
50
31
24
32
32
19
46
36
6
47
49
15
33
44
3
50
38
16
8
35
5
19
31
48
23
48
38
34
26
27
4
17
41
33
40
14
44
6
40
38
16
46
6
40
18
35
41
7
15
35
6
20
5
12
39
24
28
2
50
50
27
41
43
3
25
42
32
48
37
9
45
42
13
4
44
41
39
11
28
34
42
14
44
22
30
4
20
22
31
48
40
16
39
15
4
49
44
33
29
5
42
35
32
29
27
44
35
30
11
44
24
1
29
18
31
50
26
35
34
40
28
13
24
28
34
4
15
50
10
29
15
39
33
37
46
12
8
14
27
20
35
44
37
27
24
49
4
37
30
23
5
8
5
45
50
44
16
36
4
5
35
15
46
31
47
15
2
38
47
29
18
21
23
2
25
47
18
48
30
36
24
23
39
2
14
5
12
35
35
44
43
29
14
19
31
10
31
33
11
46
30
12
14
29
7
6
11
49
35
42
17
31
3
9
34
48
17
23
16
43
44
44
35
1
33
11
36
45
41
30
27
34
38
33
31
25
6
39
30
47
49
44
26
50
44
29
33
50
45
39
27
47
33
5
35
48
8
35
14
26
45
45
40
42
27
9
23
6
29
21
28
41
20
16
4
16
34
35
23
37
14
26
46
48
10
43
13
23
15
12
18
4
18
40
8
33
9
34
47
14
7
4
41
1
11
40
18
11
24
21
14
5
22
1
44
45
8
43
12
4
31
5
23
39
30
31
38
22
50
9
20
37
31
14
5
25
34
46
14
16
38
10
45
37
