89
21
21
86
46
3
10
41
76
14
22
93
64
17
30
11
79
58
94
7
25
94
32
50
24
51
26
65
7
61
26
41
76
46
36
52
39
32
77
80
46
51
77
60
51
20
52
90
91
51
73
60
45
14
98
26
1
3
55
70
5
67
59
100
57
95
36
66
95
20
4
89
82
57
18
18
64
39
80
32
42
0
85
28
51
41
64
68
45
79
86
65
8
6
100
86
57
19
30
89
90
48
13
85
79
2
89
22
77
9
94
78
42
83
9
3
81
70
85
89
46
17
39
55
25
39
99
82
69
19
4
15
39
70
84
89
66
48
52
81
51
68
41
40
94
100
43
64
26
23
39
21
69
13
15
89
63
47
10
34
74
86
17
83
95
19
86
72
59
49
61
99
45
17
95
86
70
90
15
28
65
74
96
87
68
99
34
55
70
45
61
56
95
1
61
1
55
91
5
82
66
29
86
59
17
54
57
40
72
79
40
100
34
30
77
3
32
64
28
69
42
96
85
60
11
36
59
30
43
54
38
27
92
88
88
38
31
76
65
52
74
7
67
65
30
70
35
77
87
33
11
48
8
64
45
71
11
66
93
3
11
90
81
56
82
89
59
47
46
69
5
60
96
4
54
25
52
52
76
25
23
40
87
14
71
23
55
48
47
81
24
36
53
9
87
50
67
86
38
27
4
70
73
99
52
97
50
94
58
31
70
66
60
60
74
29
77
96
64
20
35
4
35
98
92
75
72
84
37
82
2
21
58
72
68
12
29
4
38
90
89
56
83
70
18
4
68
55
100
74
18
11
0
68
43
30
58
32
30
52
27
47
81
18
46
95
100
14
83
62
30
90
40
18
48
30
89
50
15
1
22
35
88
10
34
20
0
26
30
88
15
19
15
5
67
53
12
33
55
72
17
75
18
3
17
17
64
89
15
70
91
53
11
13
6
99
35
75
3
7
60
48
6
84
26
40
23
86
54
39
4
61
61
1
75
89
17
78
15
17
39
69
51
13
41
49
100
9
83
25
27
37
83
27
76
86
67
31
21
58
38
53
85
48
64
21
71
90
39
23
69
9
38
40
59
30
22
57
43
36
45
74
41
88
37
81
97
93
21
100
77
1
44
81
58
74
25
16
66
2
27
10
65
35
35
87
32
75
98
32
79
26
63
2
74
23
2
8
28
96
56
64
1
49
70
52
54
11
44
63
57
85
39
79
62
42
15
33
78
36
48
90
75
75
75
44
11
76
51
45
5
33
77
30
0
86
96
32
48
58
40
41
33
59
23
86
83
51
63
14
67
86
33
90
72
39
21
12
89
12
86
10
88
7
33
60
54
89
13
94
75
34
17
67
78
11
87
95
75
57
49
50
55
30
87
81
71
18
86
66
73
52
55
41
17
13
14
32
54
13
45
93
94
79
29
5
59
45
57
42
36
67
22
39
39
9
36
69
50
18
6
8
16
33
3
93
27
85
92
71
9
35
62
60
42
38
27
43
17
40
4
73
43
98
61
17
97
25
30
77
80
15
33
85
0
97
81
23
82
11
68
97
40
74
93
55
46
15
36
72
6
100
0
59
77
14
91
71
77
9
60
49
14
58
34
12
81
1
35
40
35
99
22
77
84
78
24
8
34
77
80
91
71
91
84
72
39
28
24
64
55
61
39
77
73
50
38
32
60
19
42
19
29
21
40
50
14
32
45
0
98
7
17
36
2
65
3
4
35
28
83
74
52
11
34
74
40
51
35
39
68
62
10
8
19
100
66
10
76
45
22
64
72
97
44
95
9
86
47
54
0
53
11
50
92
39
30
20
35
11
1
8
13
67
89
87
90
78
12
31
44
34
8
38
90
90
31
91
4
94
42
36
81
50
17
78
77
6
56
26
15
48
81
57
51
12
65
85
16
64
12
87
39
23
16
33
31
72
87
85
67
64
52
82
51
21
22
82
66
72
83
31
32
55
99
75
62
1
22
90
53
58
55
16
59
37
26
18
58
10
20
68
64
25
26
80
49
62
40
39
11
50
98
15
55
80
35
43
48
66
41
20
6
64
56
84
74
90
13
43
55
67
92
41
13
17
61
77
14
18
23
19
4
76
69
55
27
39
43
74
7
90
86
36
91
0
63
69
46
80
41
1
59
90
65
58
81
8
13
41
37
97
81
68
8
9
9
77
61
43
42
53
11
7
43
95
65
61
84
94
7
7
11
4
45
79
21
96
92
64
52
57
64
74
47
47
52
14
16
25
74
70
88
67
26
31
99
28
6
22
